7.470000000e+02 1.459457682e-10 4.577966121e-11
7.471200000e+02 1.458978288e-10 4.577018833e-11
7.472400000e+02 1.458499346e-10 4.576072630e-11
7.473600000e+02 1.458020665e-10 4.575129427e-11
7.474800000e+02 1.457542200e-10 4.574184054e-11
7.476000000e+02 1.457063568e-10 4.573240342e-11
7.477200000e+02 1.456585581e-10 4.572295800e-11
7.478400000e+02 1.456107618e-10 4.571351005e-11
7.479600000e+02 1.455629489e-10 4.570407870e-11
7.480800000e+02 1.455152004e-10 4.569463907e-11
7.482000000e+02 1.454674778e-10 4.568522942e-11
7.483200000e+02 1.454197343e-10 4.567578473e-11
7.484400000e+02 1.453720169e-10 4.566637001e-11
7.485600000e+02 1.453243636e-10 4.565694704e-11
7.486800000e+02 1.452766939e-10 4.564754064e-11
7.488000000e+02 1.452290266e-10 4.563813171e-11
7.489200000e+02 1.451813810e-10 4.562870116e-11
7.490400000e+02 1.451337614e-10 4.561930056e-11
7.491600000e+02 1.450861870e-10 4.560991083e-11
7.492800000e+02 1.450386342e-10 4.560049950e-11
7.494000000e+02 1.449910648e-10 4.559110471e-11
7.495200000e+02 1.449434980e-10 4.558170739e-11
7.496400000e+02 1.448959763e-10 4.557232095e-11
7.497600000e+02 1.448484997e-10 4.556294538e-11
7.498800000e+02 1.448010021e-10 4.555353485e-11
7.500000000e+02 1.447535306e-10 4.554415424e-11
7.501200000e+02 1.447061042e-10 4.553478451e-11
7.502400000e+02 1.446586803e-10 4.552541226e-11
7.503600000e+02 1.446112590e-10 4.551603749e-11
7.504800000e+02 1.445638828e-10 4.550667360e-11
7.506000000e+02 1.445165091e-10 4.549730720e-11
7.507200000e+02 1.444691379e-10 4.548793828e-11
7.508400000e+02 1.444218118e-10 4.547858025e-11
7.509600000e+02 1.443745309e-10 4.546923312e-11
7.510800000e+02 1.443272099e-10 4.545987006e-11
7.512000000e+02 1.442799339e-10 4.545051790e-11
7.513200000e+02 1.442327031e-10 4.544117665e-11
7.514400000e+02 1.441854133e-10 4.543183842e-11
7.515600000e+02 1.441381875e-10 4.542249214e-11
7.516800000e+02 1.440910068e-10 4.541315676e-11
7.518000000e+02 1.440438286e-10 4.540381888e-11
7.519200000e+02 1.439966340e-10 4.539449743e-11
7.520400000e+02 1.439495035e-10 4.538516795e-11
7.521600000e+02 1.439023754e-10 4.537583596e-11
7.522800000e+02 1.438552735e-10 4.536653381e-11
7.524000000e+02 1.438081930e-10 4.535721024e-11
7.525200000e+02 1.437611151e-10 4.534788416e-11
7.526400000e+02 1.437140207e-10 4.533857448e-11
7.527600000e+02 1.436670330e-10 4.532927025e-11
7.528800000e+02 1.436199862e-10 4.531996899e-11
7.530000000e+02 1.435730034e-10 4.531065976e-11
7.531200000e+02 1.435260043e-10 4.530136691e-11
7.532400000e+02 1.434790265e-10 4.529205267e-11
7.533600000e+02 1.434320749e-10 4.528276825e-11
7.534800000e+02 1.433851684e-10 4.527349476e-11
7.536000000e+02 1.433382833e-10 4.526419990e-11
7.537200000e+02 1.432913818e-10 4.525492141e-11
7.538400000e+02 1.432444828e-10 4.524564040e-11
7.539600000e+02 1.431976478e-10 4.523635150e-11
7.540800000e+02 1.431507963e-10 4.522707894e-11
7.542000000e+02 1.431039900e-10 4.521781733e-11
7.543200000e+02 1.430571861e-10 4.520855322e-11
7.544400000e+02 1.430104036e-10 4.519926778e-11
7.545600000e+02 1.429636473e-10 4.519001213e-11
7.546800000e+02 1.429168935e-10 4.518075397e-11
7.548000000e+02 1.428701848e-10 4.517150678e-11
7.549200000e+02 1.428234785e-10 4.516225708e-11
7.550400000e+02 1.427767748e-10 4.515300490e-11
7.551600000e+02 1.427301161e-10 4.514376367e-11
7.552800000e+02 1.426834599e-10 4.513451995e-11
7.554000000e+02 1.426368062e-10 4.512527374e-11
7.555200000e+02 1.425901975e-10 4.511603850e-11
7.556400000e+02 1.425435913e-10 4.510680077e-11
7.557600000e+02 1.424970302e-10 4.509757401e-11
7.558800000e+02 1.424504715e-10 4.508834476e-11
7.560000000e+02 1.424039153e-10 4.507911303e-11
7.561200000e+02 1.423573855e-10 4.506991102e-11
7.562400000e+02 1.423108768e-10 4.506068778e-11
7.563600000e+02 1.422644132e-10 4.505147552e-11
7.564800000e+02 1.422179521e-10 4.504226078e-11
7.566000000e+02 1.421714934e-10 4.503304355e-11
7.567200000e+02 1.421250611e-10 4.502385603e-11
7.568400000e+02 1.420786499e-10 4.501464732e-11
7.569600000e+02 1.420322413e-10 4.500543612e-11
7.570800000e+02 1.419858589e-10 4.499625461e-11
7.572000000e+02 1.419394977e-10 4.498705193e-11
7.573200000e+02 1.418931816e-10 4.497786025e-11
7.574400000e+02 1.418468067e-10 4.496867129e-11
7.575600000e+02 1.418005380e-10 4.495948813e-11
7.576800000e+02 1.417542106e-10 4.495030769e-11
7.578000000e+02 1.417079469e-10 4.494111958e-11
7.579200000e+02 1.416617095e-10 4.493196115e-11
7.580400000e+02 1.416154746e-10 4.492280023e-11
7.581600000e+02 1.415692608e-10 4.491361818e-11
7.582800000e+02 1.415230309e-10 4.490445231e-11
7.584000000e+02 1.414768646e-10 4.489527881e-11
7.585200000e+02 1.414307246e-10 4.488613496e-11
7.586400000e+02 1.413845446e-10 4.487697515e-11
7.587600000e+02 1.413384096e-10 4.486782635e-11
7.588800000e+02 1.412923383e-10 4.485866996e-11
7.590000000e+02 1.412462507e-10 4.484952971e-11
7.591200000e+02 1.412001657e-10 4.484038699e-11
7.592400000e+02 1.411540831e-10 4.483124180e-11
7.593600000e+02 1.401492106e-10 4.476438167e-11
7.594800000e+02 1.401036971e-10 4.475528349e-11
7.596000000e+02 1.400581436e-10 4.474616932e-11
7.597200000e+02 1.400126350e-10 4.473706626e-11
7.598400000e+02 1.399671713e-10 4.472797434e-11
7.599600000e+02 1.399216676e-10 4.471886642e-11
7.600800000e+02 1.398762512e-10 4.470978319e-11
7.602000000e+02 1.398307947e-10 4.470068397e-11
7.603200000e+02 1.397853832e-10 4.469159588e-11
7.604400000e+02 1.397399741e-10 4.468250536e-11
7.605600000e+02 1.396946099e-10 4.467342598e-11
7.606800000e+02 1.396492481e-10 4.466434418e-11
7.608000000e+02 1.396038702e-10 4.465527837e-11
7.609200000e+02 1.395585557e-10 4.464620528e-11
7.610400000e+02 1.395132436e-10 4.463712976e-11
7.611600000e+02 1.394679340e-10 4.462805182e-11
7.612800000e+02 1.394226692e-10 4.461898503e-11
7.614000000e+02 1.393773884e-10 4.460993422e-11
7.615200000e+02 1.393321709e-10 4.460087616e-11
7.616400000e+02 1.392869374e-10 4.459183407e-11
7.617600000e+02 1.392417247e-10 4.458277116e-11
7.618800000e+02 1.391965385e-10 4.457373780e-11
7.620000000e+02 1.391513731e-10 4.456468364e-11
7.621200000e+02 1.391062101e-10 4.455562706e-11
7.622400000e+02 1.390610736e-10 4.454660001e-11
7.623600000e+02 1.390159396e-10 4.453757053e-11
7.624800000e+02 1.389708263e-10 4.452852028e-11
7.626000000e+02 1.389257394e-10 4.451949955e-11
7.627200000e+02 1.388807158e-10 4.451047165e-11
7.628400000e+02 1.388356338e-10 4.450144607e-11
7.629600000e+02 1.387905967e-10 4.449243167e-11
7.630800000e+02 1.387455803e-10 4.448339653e-11
7.632000000e+02 1.387005904e-10 4.447439089e-11
7.633200000e+02 1.386556030e-10 4.446538284e-11
7.634400000e+02 1.386106786e-10 4.445636766e-11
7.635600000e+02 1.385656960e-10 4.444735477e-11
7.636800000e+02 1.385208006e-10 4.443836667e-11
7.638000000e+02 1.384758652e-10 4.442936256e-11
7.639200000e+02 1.384309747e-10 4.442036963e-11
7.640400000e+02 1.383860865e-10 4.441137429e-11
7.641600000e+02 1.383412614e-10 4.440237187e-11
7.642800000e+02 1.382964205e-10 4.439338532e-11
7.644000000e+02 1.382515820e-10 4.438439636e-11
7.645200000e+02 1.382067883e-10 4.437541860e-11
7.646400000e+02 1.381619970e-10 4.436643843e-11
7.647600000e+02 1.381172081e-10 4.435745585e-11
7.648800000e+02 1.380724640e-10 4.434848448e-11
7.650000000e+02 1.380277223e-10 4.433951070e-11
7.651200000e+02 1.379830254e-10 4.433054814e-11
7.652400000e+02 1.379383127e-10 4.432160139e-11
7.653600000e+02 1.378936206e-10 4.431263402e-11
7.654800000e+02 1.378489310e-10 4.430366424e-11
7.656000000e+02 1.378042861e-10 4.429470568e-11
7.657200000e+02 1.377596860e-10 4.428575834e-11
7.658400000e+02 1.377150277e-10 4.427681318e-11
7.659600000e+02 1.376704325e-10 4.426786104e-11
7.660800000e+02 1.376258820e-10 4.425892013e-11
7.662000000e+02 1.375813339e-10 4.424997682e-11
7.663200000e+02 1.375367700e-10 4.424104930e-11
7.664400000e+02 1.374922267e-10 4.423210119e-11
7.665600000e+02 1.374477100e-10 4.422318250e-11
7.666800000e+02 1.374032138e-10 4.421424323e-11
7.668000000e+02 1.373587625e-10 4.420531521e-11
7.669200000e+02 1.373142953e-10 4.419640295e-11
7.670400000e+02 1.372698488e-10 4.418747014e-11
7.671600000e+02 1.372254288e-10 4.417856672e-11
7.672800000e+02 1.371810112e-10 4.416966090e-11
7.674000000e+02 1.371366142e-10 4.416073455e-11
7.675200000e+02 1.370922438e-10 4.415183758e-11
7.676400000e+02 1.370478939e-10 4.414292009e-11
7.677600000e+02 1.370035283e-10 4.413401834e-11
7.678800000e+02 1.369592075e-10 4.412512783e-11
7.680000000e+02 1.369149071e-10 4.411621683e-11
7.681200000e+02 1.368706334e-10 4.410733519e-11
7.682400000e+02 1.368263621e-10 4.409845116e-11
7.683600000e+02 1.367820932e-10 4.408956474e-11
7.684800000e+02 1.367378871e-10 4.408067150e-11
7.686000000e+02 1.366936653e-10 4.407179395e-11
7.687200000e+02 1.366494460e-10 4.406291402e-11
7.688400000e+02 1.366052713e-10 4.405404536e-11
7.689600000e+02 1.365610990e-10 4.404517430e-11
7.690800000e+02 1.365169292e-10 4.403630087e-11
7.692000000e+02 1.364728040e-10 4.402743870e-11
7.693200000e+02 1.364286813e-10 4.401857416e-11
7.694400000e+02 1.363845609e-10 4.400970723e-11
7.695600000e+02 1.363404852e-10 4.400085158e-11
7.696800000e+02 1.362964120e-10 4.399199354e-11
7.698000000e+02 1.362523834e-10 4.398314680e-11
7.699200000e+02 1.362083573e-10 4.397429768e-11
7.700400000e+02 1.361643335e-10 4.396544617e-11
7.701600000e+02 1.361203545e-10 4.395660596e-11
7.702800000e+02 1.360763778e-10 4.394776337e-11
7.704000000e+02 1.360323855e-10 4.393893641e-11
7.705200000e+02 1.359884559e-10 4.393010274e-11
7.706400000e+02 1.359445287e-10 4.392126669e-11
7.707600000e+02 1.359006038e-10 4.391242827e-11
7.708800000e+02 1.358567057e-10 4.390361914e-11
7.710000000e+02 1.358128280e-10 4.389478965e-11
7.711200000e+02 1.357689346e-10 4.388597575e-11
7.712400000e+02 1.357251040e-10 4.387715519e-11
7.713600000e+02 1.356812756e-10 4.386833227e-11
7.714800000e+02 1.356374741e-10 4.385953861e-11
7.716000000e+02 1.355936505e-10 4.385071094e-11
7.717200000e+02 1.355498960e-10 4.384192622e-11
7.718400000e+02 1.355061195e-10 4.383310751e-11
7.719600000e+02 1.354623698e-10 4.382431804e-11
7.720800000e+02 1.354186403e-10 4.381550828e-11
7.722000000e+02 1.353749377e-10 4.380672776e-11
7.723200000e+02 1.353312553e-10 4.379792696e-11
7.724400000e+02 1.352875573e-10 4.378914171e-11
7.725600000e+02 1.352439041e-10 4.378036778e-11
7.726800000e+02 1.352002711e-10 4.377157358e-11
7.728000000e+02 1.351566649e-10 4.376280862e-11
7.729200000e+02 1.341403370e-10 4.369155249e-11
1.590000000e+03 1.497177256e-11 1.620670205e-11
1.590300000e+03 1.496480739e-11 1.620306975e-11
1.590600000e+03 1.495784931e-11 1.619943597e-11
1.590900000e+03 1.495089208e-11 1.619580695e-11
1.591200000e+03 1.494394192e-11 1.619217645e-11
1.591500000e+03 1.493699261e-11 1.618855071e-11
1.591800000e+03 1.493004726e-11 1.618492660e-11
1.592100000e+03 1.492310898e-11 1.618130103e-11
1.592400000e+03 1.491617155e-11 1.617768021e-11
1.592700000e+03 1.490923850e-11 1.617405501e-11
1.593000000e+03 1.490230898e-11 1.617043748e-11
1.593300000e+03 1.489538652e-11 1.616681848e-11
1.593600000e+03 1.488846223e-11 1.616320133e-11
1.593900000e+03 1.488154457e-11 1.615958874e-11
1.594200000e+03 1.487463129e-11 1.615597177e-11
1.594500000e+03 1.486771885e-11 1.615235956e-11
1.594800000e+03 1.486081305e-11 1.614875192e-11
1.595100000e+03 1.485391162e-11 1.614513991e-11
1.595400000e+03 1.484701103e-11 1.614153266e-11
1.595700000e+03 1.484011440e-11 1.613792705e-11
1.596000000e+03 1.483322480e-11 1.613432001e-11
1.596300000e+03 1.482633606e-11 1.613071771e-11
1.596600000e+03 1.481945126e-11 1.612711707e-11
1.596900000e+03 1.481257350e-11 1.612351500e-11
1.597200000e+03 1.480569391e-11 1.611991476e-11
1.597500000e+03 1.479882094e-11 1.611631909e-11
1.597800000e+03 1.479195232e-11 1.611271908e-11
1.598100000e+03 1.478508723e-11 1.610912674e-11
1.598400000e+03 1.477822340e-11 1.610553313e-11
1.598700000e+03 1.477136619e-11 1.610194412e-11
1.599000000e+03 1.476451332e-11 1.609835075e-11
1.599300000e+03 1.475766131e-11 1.609476214e-11
1.599600000e+03 1.475081322e-11 1.609117520e-11
1.599900000e+03 1.474396908e-11 1.608758992e-11
1.600200000e+03 1.473713195e-11 1.608400323e-11
1.600500000e+03 1.473029567e-11 1.608042128e-11
1.600800000e+03 1.472346332e-11 1.607684101e-11
1.601100000e+03 1.471663222e-11 1.607325949e-11
1.601400000e+03 1.470980774e-11 1.606968255e-11
1.601700000e+03 1.470298450e-11 1.606610437e-11
1.602000000e+03 1.469617095e-11 1.606252771e-11
1.602300000e+03 1.468935557e-11 1.605895287e-11
1.602600000e+03 1.468254679e-11 1.605538264e-11
1.602900000e+03 1.467573926e-11 1.605181115e-11
1.603200000e+03 1.466893566e-11 1.604824134e-11
1.603500000e+03 1.466213905e-11 1.604467014e-11
1.603800000e+03 1.465534329e-11 1.604110369e-11
1.604100000e+03 1.464855145e-11 1.603753892e-11
1.604400000e+03 1.464176086e-11 1.603397290e-11
1.604700000e+03 1.463497686e-11 1.603041149e-11
1.605000000e+03 1.462819678e-11 1.602685176e-11
1.605300000e+03 1.462141795e-11 1.602329079e-11
1.605600000e+03 1.461464876e-11 1.601973137e-11
1.605900000e+03 1.460787470e-11 1.601617683e-11
1.606200000e+03 1.460111067e-11 1.601261786e-11
1.606500000e+03 1.459434750e-11 1.600906363e-11
1.606800000e+03 1.458758824e-11 1.600551109e-11
1.607100000e+03 1.458083289e-11 1.600196024e-11
1.607400000e+03 1.457408145e-11 1.599841108e-11
1.607700000e+03 1.456733393e-11 1.599486361e-11
1.608000000e+03 1.456058764e-11 1.599131490e-11
1.608300000e+03 1.455384793e-11 1.598777082e-11
1.608600000e+03 1.454711212e-11 1.598422843e-11
1.608900000e+03 1.454037756e-11 1.598068480e-11
1.609200000e+03 1.453364690e-11 1.597714287e-11
1.609500000e+03 1.452692014e-11 1.597360264e-11
1.609800000e+03 1.452019996e-11 1.597006703e-11
1.610100000e+03 1.451348101e-11 1.596653020e-11
1.610400000e+03 1.450676634e-11 1.596298908e-11
1.610700000e+03 1.450005214e-11 1.595945869e-11
1.611000000e+03 1.449334794e-11 1.595592390e-11
1.611300000e+03 1.448664155e-11 1.595239692e-11
1.611600000e+03 1.447994247e-11 1.594886261e-11
1.611900000e+03 1.447324121e-11 1.594533609e-11
1.612200000e+03 1.446654955e-11 1.594181117e-11
1.612500000e+03 1.445985912e-11 1.593828502e-11
1.612800000e+03 1.445317258e-11 1.593476058e-11
1.613100000e+03 1.444648994e-11 1.593123784e-11
1.613400000e+03 1.443981119e-11 1.592771681e-11
1.613700000e+03 1.443313633e-11 1.592419750e-11
1.614000000e+03 1.442646270e-11 1.592067696e-11
1.614300000e+03 1.441979562e-11 1.591716106e-11
1.614600000e+03 1.441312977e-11 1.591364394e-11
1.614900000e+03 1.440647046e-11 1.591013148e-11
1.615200000e+03 1.439981239e-11 1.590661779e-11
1.615500000e+03 1.439315819e-11 1.590310581e-11
1.615800000e+03 1.438650788e-11 1.589959555e-11
1.616100000e+03 1.437986146e-11 1.589608701e-11
1.616400000e+03 1.437321589e-11 1.589258322e-11
1.616700000e+03 1.436657723e-11 1.588907811e-11
1.617000000e+03 1.435993979e-11 1.588557179e-11
1.617300000e+03 1.435330889e-11 1.588207012e-11
1.617600000e+03 1.434667921e-11 1.587856724e-11
1.617900000e+03 1.434005341e-11 1.587506608e-11
1.618200000e+03 1.433343414e-11 1.587156959e-11
1.618500000e+03 1.432681610e-11 1.586807188e-11
1.618800000e+03 1.432020192e-11 1.586457590e-11
1.619100000e+03 1.431358861e-11 1.586108466e-11
1.619400000e+03 1.430697953e-11 1.585758918e-11
1.619700000e+03 1.430037698e-11 1.585409838e-11
1.620000000e+03 1.429377564e-11 1.585060636e-11
1.620300000e+03 1.428718083e-11 1.584711902e-11
1.620600000e+03 1.428058723e-11 1.584363047e-11
1.620900000e+03 1.427399751e-11 1.584014364e-11
1.621200000e+03 1.426740864e-11 1.583666157e-11
1.621500000e+03 1.426082664e-11 1.583317821e-11
1.621800000e+03 1.425424852e-11 1.582969659e-11
1.622100000e+03 1.424767160e-11 1.582621376e-11
1.622400000e+03 1.424110121e-11 1.582273561e-11
1.622700000e+03 1.423452901e-11 1.581925926e-11
1.623000000e+03 1.422796634e-11 1.581578459e-11
1.623300000e+03 1.422140488e-11 1.581230871e-11
1.623600000e+03 1.421484728e-11 1.580883457e-11
1.623900000e+03 1.420829354e-11 1.580536218e-11
1.624200000e+03 1.420174065e-11 1.580189452e-11
1.624500000e+03 1.419519198e-11 1.579842266e-11
1.624800000e+03 1.418864981e-11 1.579495550e-11
1.625100000e+03 1.418210884e-11 1.579148713e-11
1.625400000e+03 1.417557139e-11 1.578802645e-11
1.625700000e+03 1.416903813e-11 1.578456157e-11
1.626000000e+03 1.416250873e-11 1.578109844e-11
1.626300000e+03 1.415598318e-11 1.577763706e-11
1.626600000e+03 1.414945849e-11 1.577418042e-11
1.626900000e+03 1.414293799e-11 1.577071959e-11
1.627200000e+03 1.413642400e-11 1.576726346e-11
1.627500000e+03 1.412991120e-11 1.576380613e-11
1.627800000e+03 1.412339926e-11 1.576035354e-11
1.628100000e+03 1.411689680e-11 1.575690267e-11
1.628400000e+03 1.411039555e-11 1.575345061e-11
1.628700000e+03 1.410389813e-11 1.575000030e-11
1.629000000e+03 1.409739893e-11 1.574655178e-11
1.629300000e+03 1.409090921e-11 1.574310498e-11
1.629600000e+03 1.408442068e-11 1.573965699e-11
1.629900000e+03 1.370478228e-11 1.569659001e-11
1.630200000e+03 1.369854409e-11 1.569317174e-11
1.630500000e+03 1.369230965e-11 1.568975532e-11
1.630800000e+03 1.368607897e-11 1.568634075e-11
1.631100000e+03 1.367984942e-11 1.568292504e-11
1.631400000e+03 1.367362623e-11 1.567951417e-11
1.631700000e+03 1.366740418e-11 1.567610217e-11
1.632000000e+03 1.366118588e-11 1.567269202e-11
1.632300000e+03 1.365497132e-11 1.566928372e-11
1.632600000e+03 1.364875497e-11 1.566587722e-11
1.632900000e+03 1.364254790e-11 1.566247264e-11
1.633200000e+03 1.363634197e-11 1.565906692e-11
1.633500000e+03 1.363013979e-11 1.565566305e-11
1.633800000e+03 1.362394134e-11 1.565226105e-11
1.634100000e+03 1.361774664e-11 1.564886091e-11
1.634400000e+03 1.361155567e-11 1.564546262e-11
1.634700000e+03 1.360536584e-11 1.564206321e-11
1.635000000e+03 1.359917975e-11 1.563866566e-11
1.635300000e+03 1.359299740e-11 1.563526997e-11
1.635600000e+03 1.358681878e-11 1.563187614e-11
1.635900000e+03 1.358064098e-11 1.562848710e-11
1.636200000e+03 1.357446983e-11 1.562509701e-11
1.636500000e+03 1.356829981e-11 1.562170579e-11
1.636800000e+03 1.356213353e-11 1.561831643e-11
1.637100000e+03 1.355597098e-11 1.561492894e-11
1.637400000e+03 1.354981216e-11 1.561154333e-11
1.637700000e+03 1.354365708e-11 1.560815958e-11
1.638000000e+03 1.353750311e-11 1.560477470e-11
1.638300000e+03 1.353135548e-11 1.560139470e-11
1.638600000e+03 1.352520607e-11 1.559801649e-11
1.638900000e+03 1.351906329e-11 1.559463723e-11
1.639200000e+03 1.351292424e-11 1.559125985e-11
1.639500000e+03 1.350678632e-11 1.558788134e-11
1.639800000e+03 1.350065472e-11 1.558450772e-11
1.640100000e+03 1.349452424e-11 1.558113297e-11
1.640400000e+03 1.348839749e-11 1.557776009e-11
1.640700000e+03 1.348227446e-11 1.557438910e-11
1.641000000e+03 1.347615224e-11 1.557102289e-11
1.641300000e+03 1.347003405e-11 1.556765266e-11
1.641600000e+03 1.346392218e-11 1.556428731e-11
1.641900000e+03 1.345781143e-11 1.556092083e-11
1.642200000e+03 1.345170440e-11 1.555755625e-11
1.642500000e+03 1.344559848e-11 1.555419054e-11
1.642800000e+03 1.343949598e-11 1.555083262e-11
1.643100000e+03 1.343339750e-11 1.554747069e-11
1.643400000e+03 1.342730533e-11 1.554411364e-11
1.643700000e+03 1.342121427e-11 1.554075548e-11
1.644000000e+03 1.341512433e-11 1.553739620e-11
1.644300000e+03 1.340904070e-11 1.553404182e-11
1.644600000e+03 1.340296078e-11 1.553068933e-11
1.644900000e+03 1.339687908e-11 1.552733862e-11
1.645200000e+03 1.339080399e-11 1.552398690e-11
1.645500000e+03 1.338473260e-11 1.552063708e-11
1.645800000e+03 1.337866232e-11 1.551728615e-11
1.646100000e+03 1.337259835e-11 1.551394011e-11
1.646400000e+03 1.336653549e-11 1.551059297e-11
1.646700000e+03 1.336047344e-11 1.550725061e-11
1.647000000e+03 1.335441799e-11 1.550390726e-11
1.647300000e+03 1.334836624e-11 1.550056580e-11
1.647600000e+03 1.334231819e-11 1.549722625e-11
1.647900000e+03 1.333627125e-11 1.549388559e-11
1.648200000e+03 1.333022801e-11 1.549054683e-11
1.648500000e+03 1.332418558e-11 1.548721285e-11
1.648800000e+03 1.331814974e-11 1.548387789e-11
1.649100000e+03 1.331211501e-11 1.548054182e-11
1.649400000e+03 1.330608656e-11 1.547721067e-11
1.649700000e+03 1.330005922e-11 1.547387842e-11
1.650000000e+03 1.329403558e-11 1.547054807e-11
1.650300000e+03 1.328801275e-11 1.546722250e-11
1.650600000e+03 1.328199390e-11 1.546389295e-11
1.650900000e+03 1.327598134e-11 1.546056833e-11
1.651200000e+03 1.326996988e-11 1.545724260e-11
1.651500000e+03 1.326396210e-11 1.545391878e-11
1.651800000e+03 1.325795515e-11 1.545059974e-11
1.652100000e+03 1.325195217e-11 1.544727673e-11
1.652400000e+03 1.324595547e-11 1.544395865e-11
1.652700000e+03 1.323995987e-11 1.544063946e-11
1.653000000e+03 1.323396795e-11 1.543732219e-11
1.653300000e+03 1.322797972e-11 1.543400684e-11
1.653600000e+03 1.322198972e-11 1.543069325e-11
1.653900000e+03 1.321600628e-11 1.542737871e-11
1.654200000e+03 1.321002910e-11 1.542406911e-11
1.654500000e+03 1.320405301e-11 1.542075841e-11
1.654800000e+03 1.319807803e-11 1.541744661e-11
1.655100000e+03 1.319210931e-11 1.541413976e-11
1.655400000e+03 1.318613883e-11 1.541083466e-11
1.655700000e+03 1.318017488e-11 1.540752863e-11
1.656000000e+03 1.317421462e-11 1.540422452e-11
1.656300000e+03 1.316825803e-11 1.540092233e-11
1.656600000e+03 1.316229968e-11 1.539762191e-11
1.656900000e+03 1.315635044e-11 1.539432357e-11
1.657200000e+03 1.315040229e-11 1.539102414e-11
1.657500000e+03 1.314445782e-11 1.538772664e-11
1.657800000e+03 1.313851444e-11 1.538442805e-11
1.658100000e+03 1.313257732e-11 1.538113441e-11
1.658400000e+03 1.312663843e-11 1.537784252e-11
1.658700000e+03 1.312070607e-11 1.537454972e-11
1.659000000e+03 1.311477737e-11 1.537125885e-11
1.659300000e+03 1.310885234e-11 1.536796991e-11
1.659600000e+03 1.310292841e-11 1.536467988e-11
1.659900000e+03 1.309700529e-11 1.536139464e-11
1.660200000e+03 1.309108868e-11 1.535810848e-11
1.660500000e+03 1.308517574e-11 1.535482426e-11
1.660800000e+03 1.307926389e-11 1.535153895e-11
1.661100000e+03 1.307335828e-11 1.534825860e-11
1.661400000e+03 1.306745091e-11 1.534498001e-11
1.661700000e+03 1.306155005e-11 1.534170051e-11
1.662000000e+03 1.305565027e-11 1.533841993e-11
1.662300000e+03 1.304975672e-11 1.533514432e-11
1.662600000e+03 1.304386426e-11 1.533186763e-11
1.662900000e+03 1.303797546e-11 1.532859287e-11
1.663200000e+03 1.303208748e-11 1.532532290e-11
1.663500000e+03 1.302620599e-11 1.532205204e-11
1.663800000e+03 1.302032559e-11 1.531878009e-11
1.664100000e+03 1.301444884e-11 1.531551009e-11
1.664400000e+03 1.300857574e-11 1.531224203e-11
1.664700000e+03 1.300270346e-11 1.530897876e-11
1.665000000e+03 1.299683510e-11 1.530571158e-11
1.665300000e+03 1.299097039e-11 1.530244634e-11
1.665600000e+03 1.298511190e-11 1.529918608e-11
1.665900000e+03 1.297925192e-11 1.529592172e-11
1.666200000e+03 1.297339816e-11 1.529266234e-11
1.666500000e+03 1.296754264e-11 1.528940470e-11
1.666800000e+03 1.296169361e-11 1.528614620e-11
1.667100000e+03 1.295584822e-11 1.528288965e-11
1.667400000e+03 1.295000647e-11 1.527963505e-11
1.667700000e+03 1.294416837e-11 1.527638242e-11
1.668000000e+03 1.293833134e-11 1.527312870e-11
1.668300000e+03 1.293249514e-11 1.526987977e-11
1.668600000e+03 1.292666540e-11 1.526662997e-11
1.668900000e+03 1.292083673e-11 1.526337910e-11
1.669200000e+03 1.291501427e-11 1.526013323e-11
1.669500000e+03 1.290919288e-11 1.525688628e-11
1.669800000e+03 1.290337513e-11 1.525364130e-11
1.670100000e+03 1.289755564e-11 1.525039805e-11
1.670400000e+03 1.289174517e-11 1.524715700e-11
1.670700000e+03 1.288593577e-11 1.524391487e-11
1.671000000e+03 1.288013000e-11 1.524067471e-11
1.671300000e+03 1.287432786e-11 1.523743651e-11
1.671600000e+03 1.286852680e-11 1.523419725e-11
1.671900000e+03 1.286272937e-11 1.523095995e-11
1.672200000e+03 1.285693276e-11 1.522772743e-11
1.672500000e+03 1.285114259e-11 1.522449408e-11
1.672800000e+03 1.249152074e-11 1.518354648e-11
1.673100000e+03 1.248595697e-11 1.518033878e-11
1.673400000e+03 1.248040204e-11 1.517713344e-11
1.673700000e+03 1.247484812e-11 1.517392709e-11
1.674000000e+03 1.246929775e-11 1.517072279e-11
1.674300000e+03 1.246374838e-11 1.516751749e-11
1.674600000e+03 1.245819980e-11 1.516431700e-11
1.674900000e+03 1.245265752e-11 1.516111582e-11
1.990000000e+03 6.657179827e-12 1.222721524e-11
1.990350000e+03 6.654207120e-12 1.222474359e-11
1.990700000e+03 6.651237081e-12 1.222228047e-11
1.991050000e+03 6.648269536e-12 1.221981486e-11
1.991400000e+03 6.645300712e-12 1.221735052e-11
1.991750000e+03 6.642334380e-12 1.221488369e-11
1.992100000e+03 6.639370628e-12 1.221241989e-11
1.992450000e+03 6.636409453e-12 1.220995911e-11
1.992800000e+03 6.633448884e-12 1.220749772e-11
1.993150000e+03 6.630487036e-12 1.220503761e-11
1.993500000e+03 6.627529649e-12 1.220257864e-11
1.993850000e+03 6.624574838e-12 1.220012270e-11
1.994200000e+03 6.621618659e-12 1.219766252e-11
1.994550000e+03 6.618665056e-12 1.219520537e-11
1.994900000e+03 6.615714026e-12 1.219275125e-11
1.995250000e+03 6.612763600e-12 1.219029652e-11
1.995600000e+03 6.609815746e-12 1.218784482e-11
1.995950000e+03 6.606868495e-12 1.218539252e-11
1.996300000e+03 6.603923725e-12 1.218293774e-11
1.996650000e+03 6.600979648e-12 1.218048787e-11
1.997000000e+03 6.598036172e-12 1.217803739e-11
1.997350000e+03 6.595095266e-12 1.217558995e-11
1.997700000e+03 6.592154962e-12 1.217314190e-11
1.998050000e+03 6.589217134e-12 1.217069138e-11
1.998400000e+03 6.586279999e-12 1.216824577e-11
1.998750000e+03 6.583347306e-12 1.216580131e-11
1.999100000e+03 6.580413338e-12 1.216335813e-11
1.999450000e+03 6.577481844e-12 1.216091248e-11
1.999800000e+03 6.574551041e-12 1.215847174e-11
2.000150000e+03 6.571622710e-12 1.215602852e-11
2.000500000e+03 6.568693106e-12 1.215358658e-11
2.000850000e+03 6.565767937e-12 1.215114580e-11
2.001200000e+03 6.562843460e-12 1.214870994e-11
2.001550000e+03 6.559921452e-12 1.214627160e-11
2.001900000e+03 6.557000040e-12 1.214383267e-11
2.002250000e+03 6.554079320e-12 1.214139865e-11
2.002600000e+03 6.551161067e-12 1.213896216e-11
2.002950000e+03 6.548245373e-12 1.213652871e-11
2.003300000e+03 6.545330275e-12 1.213409467e-11
2.003650000e+03 6.542415772e-12 1.213166003e-11
2.004000000e+03 6.539503828e-12 1.212922843e-11
2.004350000e+03 6.536594441e-12 1.212679988e-11
2.004700000e+03 6.533685648e-12 1.212437074e-11
2.005050000e+03 6.530777450e-12 1.212194100e-11
2.005400000e+03 6.527869847e-12 1.211951066e-11
2.005750000e+03 6.524966759e-12 1.211708701e-11
2.006100000e+03 6.522062305e-12 1.211465913e-11
2.006450000e+03 6.519160404e-12 1.211223429e-11
2.006800000e+03 6.516259097e-12 1.210980886e-11
2.007150000e+03 6.513360343e-12 1.210738648e-11
2.007500000e+03 6.510466001e-12 1.210496529e-11
2.007850000e+03 6.507568432e-12 1.210254173e-11
2.008200000e+03 6.504675273e-12 1.210011935e-11
2.008550000e+03 6.501782804e-12 1.209770189e-11
2.008900000e+03 6.498890927e-12 1.209528383e-11
2.009250000e+03 6.496001499e-12 1.209286333e-11
2.009600000e+03 6.493112761e-12 1.209044773e-11
2.009950000e+03 6.490226472e-12 1.208802969e-11
2.010300000e+03 6.487340872e-12 1.208561656e-11
2.010650000e+03 6.484457719e-12 1.208320098e-11
2.011000000e+03 6.481577110e-12 1.208078846e-11
2.011350000e+03 6.478695235e-12 1.207837721e-11
2.011700000e+03 6.475815805e-12 1.207596351e-11
2.012050000e+03 6.472938918e-12 1.207355287e-11
2.012400000e+03 6.470060764e-12 1.207114349e-11
2.012750000e+03 6.467187008e-12 1.206873532e-11
2.013100000e+03 6.464313839e-12 1.206632656e-11
2.013450000e+03 6.461443211e-12 1.206392087e-11
2.013800000e+03 6.458571217e-12 1.206151093e-11
2.014150000e+03 6.455703716e-12 1.205910771e-11
2.014500000e+03 6.452836801e-12 1.205670390e-11
2.014850000e+03 6.449970472e-12 1.205429951e-11
2.015200000e+03 6.447106681e-12 1.205189817e-11
2.015550000e+03 6.444243476e-12 1.204949626e-11
2.015900000e+03 6.441380856e-12 1.204709375e-11
2.016250000e+03 6.438520773e-12 1.204469431e-11
2.016600000e+03 6.435661274e-12 1.204229429e-11
2.016950000e+03 6.432806159e-12 1.203989548e-11
2.017300000e+03 6.429949779e-12 1.203749794e-11
2.017650000e+03 6.427095934e-12 1.203510347e-11
2.018000000e+03 6.424244518e-12 1.203270656e-11
2.018350000e+03 6.421393789e-12 1.203031458e-11
2.018700000e+03 6.418541694e-12 1.202791835e-11
2.019050000e+03 6.415695924e-12 1.202552700e-11
2.019400000e+03 6.412846943e-12 1.202313327e-11
2.019750000e+03 6.410004285e-12 1.202074441e-11
2.020100000e+03 6.407158417e-12 1.201835316e-11
2.020450000e+03 6.404316920e-12 1.201596314e-11
2.020800000e+03 6.401477952e-12 1.201357619e-11
2.021150000e+03 6.398637723e-12 1.201119051e-11
2.021500000e+03 6.395799915e-12 1.200880240e-11
2.021850000e+03 6.392962687e-12 1.200641371e-11
2.022200000e+03 6.390129931e-12 1.200403176e-11
2.022550000e+03 6.387293969e-12 1.200164740e-11
2.022900000e+03 6.384462372e-12 1.199926429e-11
2.023250000e+03 6.381631353e-12 1.199688060e-11
2.023600000e+03 6.378802858e-12 1.199449998e-11
2.023950000e+03 6.375974941e-12 1.199211879e-11
2.024300000e+03 6.373149546e-12 1.198974067e-11
2.024650000e+03 6.370324729e-12 1.198736198e-11
2.025000000e+03 6.367500489e-12 1.198498271e-11
2.025350000e+03 6.364678770e-12 1.198260652e-11
2.025700000e+03 6.361859571e-12 1.198023341e-11
2.026050000e+03 6.134602582e-12 1.195013790e-11
2.026400000e+03 6.131923597e-12 1.194778141e-11
2.026750000e+03 6.129246960e-12 1.194542257e-11
2.027100000e+03 6.126572762e-12 1.194306689e-11
2.027450000e+03 6.123897297e-12 1.194071249e-11
2.027800000e+03 6.121224178e-12 1.193835573e-11
2.028150000e+03 6.118553497e-12 1.193600214e-11
2.028500000e+03 6.115881549e-12 1.193364982e-11
2.028850000e+03 6.113213843e-12 1.193129885e-11
2.029200000e+03 6.110546674e-12 1.192894735e-11
2.029550000e+03 6.107881941e-12 1.192659901e-11
2.029900000e+03 6.105215849e-12 1.192424644e-11
2.030250000e+03 6.102554087e-12 1.192190073e-11
2.030600000e+03 6.099889164e-12 1.191955258e-11
2.030950000e+03 6.097228477e-12 1.191720580e-11
2.031300000e+03 6.094570222e-12 1.191486219e-11
2.031650000e+03 6.091914303e-12 1.191251624e-11
2.032000000e+03 6.089257120e-12 1.191017156e-11
2.032350000e+03 6.086602368e-12 1.190783004e-11
2.032700000e+03 6.083948151e-12 1.190548800e-11
2.033050000e+03 6.081294470e-12 1.190314541e-11
2.033400000e+03 6.078643218e-12 1.190080600e-11
2.033750000e+03 6.075994299e-12 1.189846425e-11
2.034100000e+03 6.073346010e-12 1.189612748e-11
2.034450000e+03 6.070698255e-12 1.189379017e-11
2.034800000e+03 6.068052830e-12 1.189145053e-11
2.035150000e+03 6.065408036e-12 1.188911586e-11
2.035500000e+03 6.062765571e-12 1.188677887e-11
2.035850000e+03 6.060123735e-12 1.188444684e-11
2.036200000e+03 6.057484226e-12 1.188211249e-11
2.036550000e+03 6.054843457e-12 1.187977940e-11
2.036900000e+03 6.052206904e-12 1.187744769e-11
2.037250000e+03 6.049569090e-12 1.187511724e-11
2.037600000e+03 6.046933601e-12 1.187278447e-11
2.037950000e+03 6.044300533e-12 1.187045488e-11
2.038300000e+03 6.041668095e-12 1.186813026e-11
2.038650000e+03 6.039036089e-12 1.186579961e-11
2.039000000e+03 6.036408393e-12 1.186347585e-11
2.039350000e+03 6.033779337e-12 1.186114785e-11
2.039700000e+03 6.031152700e-12 1.185882303e-11
2.040050000e+03 6.028526593e-12 1.185649768e-11
2.040400000e+03 6.025902904e-12 1.185417551e-11
2.040750000e+03 6.023279744e-12 1.185185282e-11
2.041100000e+03 6.020657112e-12 1.184952959e-11
2.041450000e+03 6.018036897e-12 1.184720956e-11
2.041800000e+03 6.015417211e-12 1.184488899e-11
2.042150000e+03 6.012799939e-12 1.184257161e-11
2.042500000e+03 6.010183196e-12 1.184025370e-11
2.042850000e+03 6.007566980e-12 1.183793526e-11
2.043200000e+03 6.004954962e-12 1.183561823e-11
2.043550000e+03 6.002341686e-12 1.183330245e-11
2.043900000e+03 5.999730823e-12 1.183098986e-11
2.044250000e+03 5.997122269e-12 1.182867497e-11
2.044600000e+03 5.994512459e-12 1.182636133e-11
2.044950000e+03 5.991905059e-12 1.182405088e-11
2.045300000e+03 5.989299967e-12 1.182173812e-11
2.045650000e+03 5.986697283e-12 1.181942856e-11
2.046000000e+03 5.984091461e-12 1.181711653e-11
2.046350000e+03 5.981491710e-12 1.181480963e-11
2.046700000e+03 5.978888821e-12 1.181250028e-11
2.047050000e+03 5.976290119e-12 1.181019233e-11
2.047400000e+03 5.973693822e-12 1.180788758e-11
2.047750000e+03 5.971096271e-12 1.180558409e-11
2.048100000e+03 5.968501022e-12 1.180327829e-11
2.048450000e+03 5.965906296e-12 1.180097197e-11
2.048800000e+03 5.963313974e-12 1.179866885e-11
2.049150000e+03 5.960724056e-12 1.179636892e-11
2.049500000e+03 5.958134659e-12 1.179406848e-11
2.049850000e+03 5.955544010e-12 1.179176928e-11
2.050200000e+03 5.952955658e-12 1.178946779e-11
2.050550000e+03 5.950371482e-12 1.178716773e-11
2.050900000e+03 5.947784279e-12 1.178487069e-11
2.051250000e+03 5.945203024e-12 1.178257330e-11
2.051600000e+03 5.942620515e-12 1.178027717e-11
2.051950000e+03 5.940040406e-12 1.177798424e-11
2.052300000e+03 5.937458940e-12 1.177568706e-11
2.052650000e+03 5.934881749e-12 1.177339682e-11
2.053000000e+03 5.932304972e-12 1.177110056e-11
2.053350000e+03 5.929728820e-12 1.176880927e-11
2.053700000e+03 5.927153189e-12 1.176651746e-11
2.054050000e+03 5.924581722e-12 1.176422709e-11
2.054400000e+03 5.922009005e-12 1.176193797e-11
2.054750000e+03 5.919440451e-12 1.175965029e-11
2.055100000e+03 5.916870647e-12 1.175736386e-11
2.055450000e+03 5.914303128e-12 1.175507514e-11
2.055800000e+03 5.911734361e-12 1.175278767e-11
2.056150000e+03 5.909169753e-12 1.175050164e-11
2.056500000e+03 5.906605770e-12 1.174822059e-11
2.056850000e+03 5.904044070e-12 1.174593726e-11
2.057200000e+03 5.901482886e-12 1.174365341e-11
2.057550000e+03 5.898922218e-12 1.174136904e-11
2.057900000e+03 5.896363940e-12 1.173908789e-11
2.058250000e+03 5.893804415e-12 1.173680798e-11
2.058600000e+03 5.891249041e-12 1.173452953e-11
2.058950000e+03 5.888694182e-12 1.173225055e-11
2.059300000e+03 5.886141711e-12 1.172997479e-11
2.059650000e+03 5.883587882e-12 1.172769479e-11
2.060000000e+03 5.881038311e-12 1.172542173e-11
2.060350000e+03 5.878487384e-12 1.172314443e-11
2.060700000e+03 5.875938841e-12 1.172087034e-11
2.061050000e+03 5.873390813e-12 1.171859574e-11
2.061400000e+03 5.870846927e-12 1.171632260e-11
2.061750000e+03 5.868301795e-12 1.171405071e-11
2.062100000e+03 5.865759046e-12 1.171178203e-11
2.062450000e+03 5.863214941e-12 1.170950911e-11
2.062800000e+03 5.860676844e-12 1.170724138e-11
2.063150000e+03 5.858135633e-12 1.170497116e-11
2.063500000e+03 5.855596803e-12 1.170270417e-11
2.063850000e+03 5.853060241e-12 1.170043490e-11
2.064200000e+03 5.850524303e-12 1.169817062e-11
2.064550000e+03 5.847990630e-12 1.169590407e-11
2.064900000e+03 5.845459335e-12 1.169364074e-11
2.065250000e+03 5.842926797e-12 1.169137865e-11
2.065600000e+03 5.840396523e-12 1.168911431e-11
2.065950000e+03 5.837865007e-12 1.168685120e-11
2.066300000e+03 5.835337619e-12 1.168458957e-11
2.066650000e+03 5.832812607e-12 1.168233116e-11
2.067000000e+03 5.830286238e-12 1.168006850e-11
2.067350000e+03 5.827760493e-12 1.167781083e-11
2.067700000e+03 5.825238872e-12 1.167555463e-11
2.068050000e+03 5.822717759e-12 1.167329792e-11
2.068400000e+03 5.820197155e-12 1.167104071e-11
2.068750000e+03 5.817677060e-12 1.166878299e-11
2.069100000e+03 5.815159336e-12 1.166652849e-11
2.069450000e+03 5.812643982e-12 1.166427723e-11
2.069800000e+03 5.810127273e-12 1.166202172e-11
2.070150000e+03 5.807612934e-12 1.165976944e-11
2.070500000e+03 5.805102711e-12 1.165751865e-11
2.070850000e+03 5.802591247e-12 1.165526910e-11
2.071200000e+03 5.800080290e-12 1.165301904e-11
2.071550000e+03 5.797569840e-12 1.165076847e-11
2.071900000e+03 5.795063501e-12 1.164851940e-11
2.072250000e+03 5.792557784e-12 1.164627530e-11
2.072600000e+03 5.790050712e-12 1.164402696e-11
2.072950000e+03 5.787547749e-12 1.164178011e-11
2.073300000e+03 5.785045408e-12 1.163953824e-11
2.073650000e+03 5.782543454e-12 1.163729038e-11
2.074000000e+03 5.780043981e-12 1.163505124e-11
2.074350000e+03 5.777544894e-12 1.163280611e-11
2.074700000e+03 5.775048170e-12 1.163056423e-11
2.075050000e+03 5.772550209e-12 1.162832358e-11
2.075400000e+03 5.770056350e-12 1.162608443e-11
2.075750000e+03 5.767562993e-12 1.162384477e-11
2.076100000e+03 5.765068400e-12 1.162160636e-11
2.076450000e+03 5.762577906e-12 1.161936944e-11
2.076800000e+03 5.760087914e-12 1.161713203e-11
2.077150000e+03 5.757598424e-12 1.161489411e-11
2.077500000e+03 5.755111292e-12 1.161265943e-11
2.077850000e+03 5.752624662e-12 1.161042426e-11
2.078200000e+03 5.750140388e-12 1.160819232e-11
2.078550000e+03 5.747656615e-12 1.160595989e-11
2.078900000e+03 5.745173344e-12 1.160372696e-11
2.079250000e+03 5.742692427e-12 1.160149727e-11
2.079600000e+03 5.740212011e-12 1.159926708e-11
2.079950000e+03 5.737732095e-12 1.159703639e-11
2.080300000e+03 5.735256266e-12 1.159480721e-11
2.080650000e+03 5.732779204e-12 1.159257927e-11
2.081000000e+03 5.730304494e-12 1.159035458e-11
2.081350000e+03 5.727832014e-12 1.158812766e-11
2.081700000e+03 5.725358302e-12 1.158590197e-11
2.082050000e+03 5.722886820e-12 1.158367405e-11
2.082400000e+03 5.720415957e-12 1.158145111e-11
2.082750000e+03 5.717949174e-12 1.157922969e-11
2.083100000e+03 5.715479307e-12 1.157700576e-11
2.083450000e+03 5.713013519e-12 1.157478334e-11
2.083800000e+03 5.710548350e-12 1.157256591e-11
2.084150000e+03 5.708085407e-12 1.157034626e-11
2.084500000e+03 5.705622959e-12 1.156812611e-11
2.084850000e+03 5.703159281e-12 1.156590719e-11
2.085200000e+03 5.700699676e-12 1.156368979e-11
2.085550000e+03 5.490899090e-12 1.153499150e-11
2.085900000e+03 5.488566218e-12 1.153279301e-11
2.086250000e+03 5.486235511e-12 1.153059235e-11
2.086600000e+03 5.483903566e-12 1.152839292e-11
2.086950000e+03 5.481575591e-12 1.152619513e-11
2.087300000e+03 5.479248079e-12 1.152399688e-11
2.087650000e+03 5.476919329e-12 1.152179986e-11
2.088000000e+03 5.474594547e-12 1.151960448e-11
2.088350000e+03 5.472270226e-12 1.151740864e-11
2.088700000e+03 5.469946368e-12 1.151521233e-11
2.089050000e+03 5.467623077e-12 1.151302106e-11
2.089400000e+03 5.465301946e-12 1.151082763e-11
2.089750000e+03 5.462981276e-12 1.150863374e-11
2.090100000e+03 5.460662870e-12 1.150644318e-11
2.090450000e+03 5.458344925e-12 1.150425216e-11
2.090800000e+03 5.456029243e-12 1.150206448e-11
2.091150000e+03 5.453714022e-12 1.149987634e-11
2.091500000e+03 5.451399260e-12 1.149768775e-11
2.091850000e+03 5.449084959e-12 1.149549869e-11
2.092200000e+03 5.446774613e-12 1.149331127e-11
2.092550000e+03 5.444463032e-12 1.149112509e-11
2.092900000e+03 5.442153711e-12 1.148894226e-11
2.093250000e+03 5.439844850e-12 1.148675896e-11
2.093600000e+03 5.437536447e-12 1.148457520e-11
2.093950000e+03 5.435231995e-12 1.148239310e-11
2.094300000e+03 5.432926309e-12 1.148021223e-11
2.094650000e+03 5.430622772e-12 1.147802921e-11
2.095000000e+03 5.428318003e-12 1.147584742e-11
